2.616510048
3.268273801
2.055340592
1.372352056
2.538345611
2.576505555
3.346549725
3.837322
5.681319173
2.802164107
2.825603605
2.571215126
3.245649227
1.663485576
1.507362243
2.464424397
3.760413191
2.192723307
2.00317992
2.728572888
1.205992628
1.481696574
2.25075158
1.218224809
3.302624888
1.981660611
1.523507996
2.18097924
3.584432189
2.183565804
1.933121827
1.824717365
3.097258612
1.94432448
2.055417673
3.195477842
2.572771613
1.984292441
3.013230847
2.643288746
1.61185005
2.739489
1.491938941
2.52799135
3.109241312
2.820482771
2.208680802
3.928157597
4.395454702
2.023580271
5.505875213
2.094189853
1.573311153
3.141215676
2.239072069
2.494901939
1.391803385
1.343868704
1.614723966
2.445461054
1.303942179
1.75802767
2.763884223
3.432514154
2.051155075
1.8569377
3.844197997
2.011117595
2.886491502
2.039283664
2.40193709
1.248348456
2.779909534
3.180369086
2.402371906
2.341206089
1.693434786
3.130693383
2.981068147
2.494457163
2.016513896
2.706689846
3.916489964
2.42632035
2.23886316
4.676811154
2.187521164
3.657984341
2.774058667
1.778080487
3.330861883
1.511162481
4.155952618
2.311958653
1.605611056
2.671892341
3.85305302
3.313545887
2.269283036
2.978544602
2.018879892
3.550500471
1.56644726
1.201360254
3.3652759
3.99055878
3.216320428
2.342566674
2.721392196
2.492865329
1.296872313
2.97891326
3.624211434
1.954704359
3.498987669
1.96939938
2.010074807
2.799258702
2.364320562
1.23882874
1.31003647
1.720974002
2.260036677
3.122986311
2.842284968
2.566058364
2.719930305
2.933589531
1.815945302
3.174511717
2.288755213
3.922606818
2.644739268
1.507026196
3.068578959
2.103308663
2.164097961
3.106312862
2.065620082
2.201707436
5.036223793
2.914623013
1.979841722
1.551248674
1.894406452
2.84344146
2.827492982
5.194737356
2.661828087
2.265728263
2.108056691
1.910317623
2.327428147
2.383016595
1.276838796
1.295800578
2.00317139
2.364270829
2.141309546
1.953768649
3.116045465
1.275494066
3.29686451
1.378399316
2.513976323
1.334557795
2.111198788
2.735597798
2.115654552
1.641841615
1.815892649
1.74879279
2.740468585
2.356701322
2.475947977
2.413762649
2.410538292
2.368191098
4.345680064
2.131090595
2.596697383
2.190062499
3.392448953
2.161917607
2.967893745
2.060432136
2.701142789
1.377466197
2.275001435
2.921839754
1.424230771
3.02696935
1.825863929
1.336874775
1.855225205
2.291658745
2.257822169
3.761227803
3.069061402
2.836331414
3.246487276
3.206440537
1.674444323
1.50976129
3.606088373
2.102474527
2.680414434
4.737634665
1.566213631
1.496846191
1.698710607
2.495664015
1.408783304
1.888865052
2.565279346
2.373327517
1.940635464
3.405465576
1.843207889
2.667547189
3.233625292
2.098621341
2.062147647
2.455418836
2.177214918
1.46471552
1.884553863
2.488744691
2.25408885
2.48992534
3.177869102
3.845660323
2.782416554
2.513810897
2.127744772
3.348161512
2.089175225
2.343844462
3.039994306
2.503541624
2.104199006
3.105163106
1.940550793
1.803640195
2.806621516
2.68471577
1.379194487
2.485016002
0.795519835
2.614295481
2.621924615
2.658842341
1.926652487
1.427355781
2.060674483
1.937816036
2.56212063
1.38982113
3.588208266
1.891071359
1.72927547
2.216097738
2.148176027
3.138408167
3.083915644
1.600205474
2.617695312
1.231301956
2.173356373
2.387844886
2.98222612
3.532864383
2.769544951
2.158358037
3.557364449
3.44292625
2.223187882
1.632542267
2.960589544
1.620352571
1.071976891
3.897761862
2.005397209
2.068507965
1.644040414
2.408918564
2.142962215
3.237099682
2.668913491
2.593363728
1.792989314
2.094894434
2.683626635
1.318668608
2.325355064
0.921905094
1.103435787
2.586250917
2.46716808
3.394199961
2.082940773
1.769925663
2.964647171
1.738716565
3.649279403
2.623718069
1.244694871
2.768822175
3.947651677
3.167388766
2.090880469
4.18938724
2.303584991
2.660440974
1.993001111
1.852293395
1.805822482
3.706532354
1.762259636
1.909684049
2.071094692
2.426378696
1.828173356
2.880611617
2.637911062
3.223994497
3.07833978
1.730026576
3.627146966
3.967611969
3.487411151
2.291204956
2.047153159
2.542187982
4.293634224
2.756682788
2.138679648
2.198732756
1.434382764
1.990626015
3.048982893
1.913887845
1.737638042
2.408102727
2.001738688
3.076337892
2.903825697
3.333932415
3.170908803
1.16365999
1.89342366
2.270876296
1.915115235
2.976056995
2.783958372
1.551028465
2.543962607
1.978640794
3.465077538
2.588570501
1.739209248
1.441659244
1.301505812
2.207076004
1.163183561
1.214312133
2.065235873
3.025301446
3.165988711
1.747541452
1.69847164
2.728894538
2.352919863
2.705014411
2.827573906
1.395858061
1.62266403
0.705923773
2.613787835
2.805387158
2.957153244
2.839012389
2.359741481
2.726244611
2.279337206
1.874862839
1.992125663
1.852235134
1.687658453
2.522562924
2.030255247
3.273263111
2.963834106
3.497353223
2.454325241
1.47002634
1.372618229
1.983156574
1.790535165
2.318412646
3.772046162
1.830350341
1.676292005
5.354223113
2.358461546
2.631676653
4.431148382
1.204362298
2.163998662
1.63787095
2.448387339
2.819567441
3.358276567
1.847517446
2.896557398
2.650200365
3.555906667
3.491638685
1.769370364
2.333693002
2.027901437
2.768706017
2.046272791
2.747213948
2.08500501
2.330184538
2.616262755
3.1678536
1.285562472
2.577929176
2.187699013
2.584923941
2.657336294
2.215654078
1.388472403
2.349663581
1.485660183
4.541829036
2.593533778
2.666021993
2.953437843
4.207818661
2.115906165
2.71298288
2.294878976
2.48937246
3.268198123
3.178951828
1.428263953
2.268718789
1.326018058
3.358575743
1.843132852
2.773230312
2.31194955
3.073944117
2.093050761
1.715110609
1.612893993
3.44836885
2.560027665
2.077228689
1.982464299
2.575735915
3.665837982
1.823985529
1.058863822
3.016991213
2.499437497
4.0917347
2.265210269
2.790469654
2.7861248
2.700968407
2.611873967
2.089530598
2.358549262
2.215192132
1.611182635
2.63708844
2.224591412
2.368434735
2.673215819
1.830076189
1.403385643
2.274754272
1.757749913
1.994425137
2.073796752
3.600908885
1.938843837
1.82143875
1.708987978
3.566515517
2.608408053
4.433201836
2.215878002
4.038704079
2.028426501
1.320036908
1.996240061
3.187607431
2.397982542
1.069214002
1.397816132
3.114574825
3.156278397
1.015710029
2.585844048
1.20749549
2.958279829
2.506969791
1.6448546
1.500995031
2.634159252
3.073036605
2.969318757
1.039403599
2.141333234
3.274099147
2.947060233
2.770265652
2.779949567
2.070167154
2.125820978
2.718900863
4.766161868
1.630493534
3.53648414
2.560352218
3.350386034
2.828913621
4.207696437
1.852335465
3.943074045
2.081787204
2.656516691
4.253103936
3.262807737
2.428925603
3.238032985
2.315559042
1.584226283
2.046359017
2.690721188
3.145147805
1.101647509
2.334525395
2.534679382
1.638445199
2.052830072
1.70732275
2.042528866
1.93298374
2.465512353
2.649807468
2.582240539
3.5231513
2.057039075
2.080722741
3.774800012
2.328041886
2.147913098
2.418898847
1.79527973
3.807788744
3.517875709
1.667421487
2.199612946
2.802103765
3.611066664
1.803347951
2.001083952
3.549070705
4.355167386
1.698625621
2.356768095
2.398651627
3.306309215
2.445277537
3.113507502
1.700954744
2.953387454
3.483438623
2.447822821
3.946474725
1.461484638
2.51164014
2.492549249
1.081194208
3.926443373
2.868214093
1.80013233
3.195055204
2.272141517
2.640727646
1.836210168
2.614425005
3.085032601
2.761729505
2.736182136
2.440511444
1.497093218
4.135671324
1.586830405
3.058589034
2.267070041
1.380251258
2.33844719
1.705792892
2.008461403
4.019017043
1.979645735
2.805149595
2.742884039
2.248087928
2.115818777
2.368980932
2.780144795
2.845382507
2.148747296
1.101471173
2.48075823
3.408121163
1.673948695
2.118799784
3.551338162
1.296457642
3.458368116
2.171053865
1.244067471
2.25613248
1.291882974
1.180303078
2.086607835
1.699559182
1.733763786
3.296496825
3.61830386
2.263900799
2.557791918
3.445923998
2.767293778
2.621094046
3.472921829
2.200358114
3.341018198
1.845575456
2.774472652
1.843307167
1.532988919
1.749945401
3.092143155
1.622789854
4.153387638
2.102139159
2.585472007
2.441395173
3.928583736
3.913103124
2.75678816
1.631207774
2.047580847
1.430944186
2.689024434
1.626383742
2.784009118
3.857759033
2.188637508
1.655191703
2.01250006
1.694502325
2.033071973
2.450481178
1.847873475
3.036958808
4.247615684
2.010760386
1.80137957
2.272681242
3.108036286
3.003133776
3.928702695
2.617276409
3.662539823
2.560670057
2.534074603
2.691381148
2.205544583
4.709888527
2.280635246
1.971129798
2.05870565
1.793245354
1.571910479
2.676608144
2.29732536
1.406833363
2.203918061
1.881913118
2.624061586
2.853167098
2.892620692
3.457748547
2.23517207
3.002398476
3.25864789
1.992640891
2.637011088
1.422362858
2.079468551
3.059284922
2.619642595
2.275225201
2.019309159
1.965508416
4.090919689
2.738323518
2.740293989
1.573527177
2.434849021
1.245887322
2.418570463
2.842903599
1.97274838
2.259515322
2.249460086
2.427842574
2.44291021
1.81823557
1.532255938
2.461489534
3.714850349
3.214398576
2.083066924
3.441228911
1.349772145
1.601115605
2.495218412
3.405629203
2.654753823
1.310677998
3.045256949
2.604552761
2.187288559
2.384603058
2.752404575
3.459376514
2.555951035
4.555272255
2.200666882
2.806259936
2.820563173
2.197322549
1.675594005
3.073914722
1.863535034
3.286827917
3.937458512
2.776693349
2.562681823
2.71343765
3.5086017
5.438751651
2.598373279
1.761620662
1.903963281
2.421003108
3.393994
1.895339779
1.807554469
2.107352851
1.765831146
2.639889706
2.762411033
1.74940192
2.234590354
2.068142659
2.991135134
4.273631431
2.879563357
1.360469789
1.906148774
3.003475867
2.87621024
2.452996956
1.551875569
3.192526517
3.176007538
2.219404495
2.345957946
2.550419844
2.591905932
2.607787482
1.675333878
2.79329966
3.743227566
2.186520811
3.865118015
2.462033543