0.313407834
0.158788907
0.401812876
0.54589522
0.536281806
0.598038212
0.060201332
0.324369107
0.523242645
0.186445185
0.248849631
0.106640098
0.089980338
0.203042147
0.235325643
0.06536666
0.268947134
0.296142929
0.38453164
0.302556608
0.308960149
0.301766845
0.553874726
0.348919412
0.332316216
0.278006302
0.622755075
0.492960516
0.660881524
0.254625151
0.590294677
0.115611108
0.446631107
0.497906798
0.617389603
0.349045217
0.276251044
0.46639229
0.299923123
0.478048796
0.136393732
0.223506945
0.12659279
0.302991743
0.357549174
0.367389126
0.309670754
0.644289822
0.100899777
0.241317009
0.035265201
0.566238305
0.158498834
0.25484267
0.478063055
0.43589743
0.494175217
0.454948599
0.145911045
0.182118475
0.46907821
0.413991687
0.208909463
0.323247524
0.384002625
0.449403569
0.385146733
0.213429261
0.613916689
0.438958857
0.374506584
0.48806156
0.492461365
0.257640907
0.211511069
0.525307151
0.169633616
0.12201106
0.471536096
0.461124812
0.645338557
0.565783951
0.549221097
0.381036853
0.363148932
0.433945889
0.358683663
0.191263536
0.097434899
0.487854084
0.432521173
0.458164835
0.396982205
0.195475446
0.541211139
0.311582872
0.224672425
0.227673852
0.2919938
0.287942541
0.276251044
0.490745411
0.442825841
0.262284357
0.549350884
0.098912606
0.448342293
0.343834159
0.369591488
0.254765003
0.2719787
0.490730415
0.484368316
0.434353542
0.468704971
0.586914934
0.411098875
0.453966261
0.610622792
0.307535759
0.515922657
0.385909395
0.529095764
0.338563574
0.234308322
0.520800759
0.266651546
0.445888494
0.447636151
0.310714656
0.290036418
0.14669624
0.624822171
0.269184729
0.376738318
0.324356078
0.699505181
0.542903607
0.495029491
0.552621148
0.392945215
0.447074625
0.321809717
0.166779773
0.544702392
0.315292455
0.154877536
0.478977206
0.481767304
0.430098654
0.426423849
0.255742151
0.473199763
0.444614402
0.52067789
0.026493898
0.435463213
0.568490099
0.103071199
0.37019727
0.555233517
0.593202414
0.4009373
0.386155405
0.610799033
0.355901499
0.254298578
0.498605049
0.361222971
0.516042027
0.431086899
0.566898277
0.343023691
0.205505945
0.124491848
0.035908394
0.379473233
0.410367382
0.359941532
0.394938676
0.403997132
0.569531026
0.376602741
0.181970433
0.143503403
0.393511192
0.504454497
0.12818337
0.26201132
0.444354792
0.327254446
0.306201537
0.336061188
0.290218579
0.230639911
0.462044604
0.372346862
0.544307332
0.404614571
0.372075202
0.399100792
0.397142284
0.361620822
0.166387971
0.400419499
0.386659712
0.477322533
0.241365842
0.457950478
0.39786889
0.381258422
0.4932939
0.60541842
0.154530676
0.164904819
0.449731632
0.535329075
0.218592726
0.063170129
0.215439835
0.395172525
0.430237935
0.20191464
0.221598928
0.435144135
0.382415335
0.273550367
0.379362402
0.208649498
0.215890276
0.517000045
0.586470543
0.251814298
0.334665668
0.380999924
0.609792015
0.454842285
0.58956777
0.391235234
0.579080914
0.256453639
0.204826449
0.535736571
0.500133838
0.102327619
0.545349687
0.330061536
0.179285557
0.086784733
0.227073007
0.436894775
0.499992966
0.351507519
0.354063602
0.397166912
0.304795793
0.501390333
0.281147204
0.657994666
0.476144597
0.457107614
0.202507796
0.493779712
0.566187719
0.242146009
0.31326155
0.150256123
0.555119651
0.516811431
0.392391587
0.059628237
0.441688592
0.444757246
0.538485151
0.206051788
0.53718236
0.26994094
0.241772455
0.102848687
0.557675584
0.204939846
0.577470469
0.174546244
0.295313661
0.154605067
0.582393457
0.36750055
0.415198032
0.50781193
0.620448481
0.352911678
0.195060129
0.26870937
0.490490617
0.49387092
0.442463717
0.131044885
0.142674074
0.339302407
0.258884921
0.259114745
0.494769806
0.224932601
0.344061955
0.324707762
0.574361207
0.153285604
0.209595066
0.335421394
0.190292981
0.137705781
0.061765381
0.452774696
0.306983663
0.427747681
0.071125171
0.532452934
0.080107589
0.277325535
0.203232667
0.346424763
0.384519338
0.598295771
0.279104389
0.231924708
0.239651457
0.453634925
0.546802835
0.137538974
0.506869731
0.582152583
0.252660346
0.376257606
0.226522401
0.469299597
0.40102361
0.370382674
0.195040331
0.313514196
0.473410128
0.361260275
0.511214369
0.197461341
0.478191424
0.541637232
0.174215561
0.425303534
0.096766535
0.375641184
0.511746104
0.515548039
0.379781081
0.237232983
0.452431101
0.435539817
0.473999949
0.207475888
0.455081531
0.584716543
0.400246921
0.2992657
0.402516041
0.607025634
0.045219055
0.365555676
0.342719552
0.509546321
0.540948074
0.587457818
0.09282009
0.484499796
0.420787462
0.475889788
0.438471004
0.340688907
0.590062667
0.434047777
0.357761197
0.359480882
0.354288825
0.107496126
0.432368713
0.39372037
0.462898898
0.335165309
0.487484035
0.551337162
0.615700585
0.154232758
0.458473186
0.327422975
0.240420178
0.475479741
0.656933619
0.554688017
0.391653473
0.2846312
0.32371729
0.184742863
0.374925953
0.320315719
0.461273442
0.159295292
0.443706362
0.507828216
0.220859709
0.421488414
0.445446082
0.507697964
0.325605549
0.40006203
0.293636253
0.442373225
0.580958258
0.336802613
0.195988491
0.211804407
0.474140557
0.583120189
0.258409409
0.225866976
0.513906035
0.398472461
0.433258575
0.680273373
0.267070114
0.233538548
0.538029696
0.312689303
0.140020465
0.526359054
0.157308934
0.297080792
0.13712108
0.184701155
0.45648001
0.382439948
0.100178251
0.629192898
0.40119624
0.563863172
0.358446884
0.323639023
0.36753769
0.089469871
0.248897178
0.558635035
0.3899068
0.290218579
0.262829727
0.177647195
0.542514178
0.669252419
0.499742764
0.346651846
0.221634072
0.349007478
0.32095837
0.297659023
0.49364297
0.316139604
0.417302944
0.48355175
0.401245565
0.113611209
0.3672034
0.462831021
0.336253012
0.111301466
0.117349501
0.229024805
0.404231736
0.261646905
0.631700079
0.327228514
0.492657868
0.541373293
0.28708207
0.090192182
0.21491623
0.378808193
0.405986011
0.496994803
0.068945962
0.250130654
0.387397699
0.385601876
0.35082978
0.323273632
0.568775242
0.489176119
0.151373848
0.284489049
0.320026937
0.209687555
0.330216398
0.38691801
0.205995384
0.489727907
0.334293901