0.722187452
0.550217074
0.797655821
0.901674351
0.895288951
0.935185087
0.373291791
0.732186628
0.886517376
0.586714023
0.658537938
0.469217512
0.43839445
0.607072386
0.643981959
0.385787824
0.679317445
0.706002999
0.783752305
0.712079784
0.718070335
0.711335704
0.906923423
0.75386929
0.739310055
0.688379384
0.950457954
0.865627118
0.973319543
0.664609461
0.930322546
0.484625011
0.832119283
0.869090938
0.947173904
0.753978003
0.686637583
0.84665513
0.709594072
0.855056653
0.51775436
0.630844627
0.502538788
0.712489251
0.761272796
0.769584865
0.718730502
0.96347069
0.45894652
0.650490821
0.3014009
0.914967561
0.549814802
0.664836505
0.855066855
0.824061686
0.866479683
0.838283527
0.53191381
0.581229437
0.848602101
0.807239951
0.614029511
0.731172892
0.783320832
0.8341816
0.784253537
0.619309273
0.945039095
0.826371871
0.775514249
0.862175823
0.865276412
0.667746972
0.617076829
0.88791486
0.564950981
0.495182945
0.850377923
0.842817211
0.964097695
0.91467382
0.903867734
0.780895269
0.766019646
0.822583948
0.762238073
0.592732679
0.452576307
0.8620292
0.821502611
0.840648999
0.793806069
0.59791973
0.898571603
0.720502396
0.632158393
0.635522984
0.702029644
0.69811719
0.686637583
0.864069146
0.829276162
0.672535099
0.903953166
0.455309443
0.833393066
0.749455079
0.771426908
0.66475545
0.682370049
0.864058585
0.859560184
0.822892958
0.848331948
0.928188243
0.804978933
0.837559039
0.943007623
0.716744299
0.881535567
0.784874356
0.890470862
0.744838457
0.642866928
0.884860161
0.676992164
0.831565581
0.832867778
0.719698661
0.700143421
0.533056928
0.951718632
0.679557433
0.777359512
0.732174864
0.995685937
0.899694551
0.867078521
0.906101813
0.790567217
0.832449713
0.729870248
0.561129822
0.900885739
0.723921425
0.544755184
0.855720503
0.857710898
0.819659039
0.816850527
0.665774144
0.851576771
0.830614312
0.884776652
0.268821713
0.823733234
0.916421271
0.462872021
0.771932425
0.907812731
0.932152917
0.796960109
0.785074455
0.943116483
0.759867598
0.664268368
0.869578248
0.764392018
0.881617147
0.820411858
0.915393984
0.748747949
0.610008315
0.499185964
0.303587853
0.779611897
0.804405687
0.763306189
0.792169041
0.799387424
0.917092104
0.7772476
0.581040401
0.528385486
0.791022496
0.873644603
0.505054998
0.672254969
0.830420279
0.734784897
0.715498859
0.742631459
0.700319282
0.638821882
0.843489266
0.773722236
0.900624326
0.799875891
0.773496387
0.795497895
0.793934091
0.764728667
0.560602163
0.796548247
0.785484408
0.854536808
0.650543472
0.840491655
0.794514801
0.78107687
0.865861236
0.939784442
0.544266846
0.55859795
0.834425127
0.894652401
0.625259475
0.380549105
0.62163635
0.79235663
0.819765202
0.605721687
0.628684946
0.823491751
0.782024067
0.683944592
0.77952081
0.613723759
0.622155911
0.882271461
0.927907063
0.661664986
0.741396384
0.780864995
0.942494213
0.838205164
0.929864125
0.789189291
0.92321255
0.666514414
0.609200728
0.894924745
0.870643766
0.461533413
0.901313812
0.737299545
0.577595926
0.432099071
0.634851579
0.824815359
0.870545664
0.75610106
0.758295559
0.793953785
0.714183128
0.871518041
0.691479815
0.97161665
0.853692652
0.839872539
0.606432821
0.866202227
0.914934864
0.651383758
0.7220526
0.538194023
0.907738257
0.882142698
0.79012149
0.371866269
0.828423618
0.830721044
0.89675848
0.610655895
0.895890015
0.680320412
0.65098162
0.46247206
0.909407751
0.609335612
0.922184697
0.571439428
0.705211546
0.544371636
0.925321374
0.769678219
0.808180028
0.875965817
0.949048243
0.757307767
0.597411257
0.67907716
0.86388967
0.866266223
0.829004837
0.50953501
0.527161912
0.745488203
0.669034789
0.669272299
0.86689655
0.632451113
0.749653651
0.732492306
0.92019536
0.542508499
0.614834772
0.742065606
0.591527728
0.519740869
0.377141261
0.83667898
0.716229335
0.817863948
0.399038986
0.892726628
0.418480729
0.687704622
0.607300174
0.751708689
0.783742276
0.93534617
0.6894657
0.640242953
0.648691233
0.837314462
0.902273708
0.519488947
0.875315345
0.925168273
0.662553319
0.7769626
0.634235375
0.848762281
0.797028729
0.772087043
0.597387002
0.722285478
0.851728181
0.764423593
0.878308772
0.600342144
0.855158688
0.898854513
0.571006137
0.815991426
0.451331947
0.776453192
0.878674084
0.881279474
0.77986482
0.646064722
0.836424951
0.823791193
0.85215249
0.612340595
0.838381494
0.926796002
0.796410907
0.708971499
0.798213881
0.940781593
0.332915943
0.768046318
0.748482329
0.87716131
0.898396871
0.92853157
0.443877155
0.859653506
0.812514491
0.853509881
0.826004381
0.746705235
0.930176266
0.822661198
0.761453335
0.76291529
0.758488466
0.470720513
0.821386769
0.791190662
0.844112745
0.741838935
0.861767592
0.905259113
0.946136562
0.543846889
0.840875261
0.734936234
0.649522746
0.853215636
0.970989635
0.907455867
0.789526647
0.694894703
0.731597744
0.584565347
0.775861498
0.728512989
0.842925863
0.55091827
0.829935347
0.875977054
0.627845227
0.813055619
0.83123545
0.875887176
0.733301744
0.796263728
0.703606541
0.828937014
0.924408586
0.743286389
0.598546956
0.617419009
0.852253594
0.925783061
0.668542972
0.633500692
0.88015566
0.794996696
0.822062554
0.984644338
0.677417039
0.642021289
0.896455008
0.72152471
0.523217915
0.888625636
0.548160017
0.706896495
0.518857011
0.584512554
0.839411094
0.782044199
0.457630937
0.954376032
0.797165952
0.913430463
0.762036762
0.731526985
0.769709332
0.437397929
0.658588265
0.910033263
0.788116324
0.700319282
0.673094113
0.575478816
0.899436352
0.978232256
0.870371386
0.75190575
0.628724827
0.753945393
0.729097285
0.707446529
0.866106268
0.724698832
0.80981642
0.858980259
0.797205153
0.481254132
0.769429223
0.844063233
0.742800987
0.477316396
0.487526804
0.637028713
0.799573076
0.671880815
0.9558954
0.734761607
0.865414502
0.898679283
0.697281956
0.43880701
0.621031579
0.779065091
0.800959261
0.868453837
0.394102811
0.659891853
0.786083742
0.78462412
0.755517589
0.731196514
0.916605107
0.862962846
0.53979187
0.694755863
0.728250201
0.614943282
0.737437899
0.785694255
0.610589026
0.863352082
0.74106684