0.2740
0.1590
0.3342
0.4271
0.4211
0.4594
0.0732
0.2816
0.4128
0.1808
0.2278
0.1157
0.1010
0.1936
0.2179
0.0782
0.2424
0.2618
0.3227
0.2664
0.2709
0.2658
0.4321
0.2985
0.2871
0.2489
0.4745
0.3936
0.4976
0.2320
0.4547
0.1234
0.3637
0.3968
0.4713
0.2986
0.2477
0.3766
0.2645
0.3841
0.1408
0.2091
0.1327
0.2667
0.3044
0.3111
0.2714
0.4876
0.1106
0.2223
0.0477
0.4398
0.1588
0.2322
0.3841
0.3567
0.3944
0.3691
0.1486
0.1775
0.3783
0.3423
0.1981
0.2808
0.3223
0.3655
0.3231
0.2015
0.4691
0.3587
0.3159
0.3905
0.3933
0.2342
0.2000
0.4141
0.1677
0.1288
0.3799
0.3731
0.4883
0.4395
0.4292
0.3203
0.3082
0.3554
0.3052
0.1846
0.1076
0.3904
0.3545
0.3712
0.3310
0.1878
0.4241
0.2727
0.2099
0.2122
0.2589
0.2560
0.2477
0.3922
0.3613
0.2376
0.4292
0.1089
0.3648
0.2951
0.3126
0.2321
0.2446
0.3922
0.3881
0.3557
0.3780
0.4526
0.3404
0.3685
0.4671
0.2699
0.4082
0.3236
0.4165
0.2914
0.2171
0.4113
0.2408
0.3632
0.3644
0.2721
0.2575
0.1493
0.4758
0.2426
0.3174
0.2816
0.5208
0.4252
0.3949
0.4313
0.3283
0.3640
0.2798
0.1654
0.4263
0.2753
0.1559
0.3847
0.3865
0.3529
0.3505
0.2328
0.3809
0.3624
0.4112
0.0380
0.3564
0.4412
0.1125
0.3130
0.4329
0.4564
0.3336
0.3238
0.4672
0.3033
0.2318
0.3972
0.3069
0.4083
0.3536
0.4402
0.2945
0.1955
0.1309
0.0484
0.3193
0.3399
0.3061
0.3296
0.3357
0.4418
0.3173
0.1773
0.1467
0.3287
0.4009
0.1340
0.2374
0.3622
0.2836
0.2689
0.2897
0.2576
0.2144
0.3737
0.3145
0.4261
0.3361
0.3143
0.3324
0.3311
0.3072
0.1651
0.3333
0.3241
0.3836
0.2223
0.3711
0.3316
0.3205
0.3938
0.4639
0.1556
0.1639
0.3658
0.4205
0.2054
0.0761
0.2030
0.3298
0.3530
0.1927
0.2076
0.3562
0.3213
0.2457
0.3192
0.1979
0.2033
0.4089
0.4523
0.2300
0.2887
0.3203
0.4666
0.3691
0.4542
0.3272
0.4477
0.2334
0.1950
0.4207
0.3982
0.1119
0.4267
0.2856
0.1753
0.0981
0.2117
0.3574
0.3981
0.3003
0.3021
0.3311
0.2679
0.3990
0.2512
0.4959
0.3828
0.3705
0.1932
0.3941
0.4397
0.2229
0.2739
0.1522
0.4328
0.4088
0.3279
0.0726
0.3605
0.3625
0.4224
0.1959
0.4216
0.2431
0.2226
0.1124
0.4344
0.1950
0.4467
0.1715
0.2612
0.1557
0.4498
0.3112
0.3431
0.4031
0.4731
0.3013
0.1875
0.2422
0.3920
0.3942
0.3610
0.1364
0.1460
0.2919
0.2351
0.2353
0.3948
0.2101
0.2952
0.2819
0.4448
0.1546
0.1986
0.2893
0.1838
0.1419
0.0747
0.3677
0.2695
0.3514
0.0836
0.4186
0.0920
0.2484
0.1937
0.2968
0.3227
0.4596
0.2497
0.2153
0.2210
0.3683
0.4277
0.1418
0.4025
0.4496
0.2306
0.3171
0.2113
0.3784
0.3337
0.3131
0.1875
0.2740
0.3811
0.3070
0.4052
0.1893
0.3842
0.4244
0.1713
0.3498
0.1070
0.3167
0.4056
0.4080
0.3195
0.2193
0.3675
0.3565
0.3815
0.1970
0.3692
0.4512
0.3332
0.2640
0.3347
0.4649
0.0582
0.3099
0.2943
0.4042
0.4240
0.4529
0.1035
0.3882
0.3468
0.3827
0.3584
0.2929
0.4545
0.3555
0.3046
0.3057
0.3022
0.1164
0.3544
0.3288
0.3743
0.2891
0.3901
0.4305
0.4702
0.1554
0.3714
0.2837
0.2216
0.3824
0.4953
0.4326
0.3275
0.2537
0.2812
0.1795
0.3162
0.2788
0.3732
0.1594
0.3618
0.4031
0.2071
0.3473
0.3630
0.4030
0.2825
0.3331
0.2601
0.3610
0.4489
0.2902
0.1882
0.2002
0.3815
0.4502
0.2348
0.2108
0.4069
0.3320
0.3550
0.5093
0.2411
0.2165
0.4222
0.2735
0.1438
0.4148
0.1578
0.2625
0.1414
0.1795
0.3701
0.3213
0.1100
0.4785
0.3338
0.4383
0.3050
0.2811
0.3112
0.1005
0.2278
0.4350
0.3263
0.2576
0.2380
0.1740
0.4250
0.5027
0.3979
0.2970
0.2077
0.2986
0.2792
0.2629
0.3941
0.2759
0.3445
0.3876
0.3339
0.1217
0.3110
0.3743
0.2898
0.1197
0.1249
0.2132
0.3358
0.2371
0.4800
0.2836
0.3934
0.4242
0.2554
0.1011
0.2026
0.3188
0.3370
0.3962
0.0816
0.2287
0.3246
0.3234
0.2998
0.2809
0.4413
0.3912
0.1531
0.2536
0.2786
0.1986
0.2857
0.3243
0.1958
0.3916
0.2885