2.7534
0.3581
5.8025
14.5503
13.7951
19.1307
0.0195
3.0526
12.8131
0.5797
1.3783
0.1085
0.0652
0.7487
1.1656
0.0250
1.7400
2.3230
5.0856
2.4772
2.6379
2.4579
15.1978
3.7994
3.2825
1.9218
21.6021
10.7147
25.8176
1.4766
18.3972
0.1382
7.9688
11.0405
21.0486
3.8036
1.8856
9.0740
2.4131
9.7715
0.2269
0.9987
0.1815
2.4879
4.0884
4.4353
2.6561
23.9215
0.0919
1.2569
0.0039
16.2384
0.3561
1.4803
9.7724
7.4079
10.7941
8.4223
0.2778
0.5403
9.2317
6.3463
0.8155
3.0210
5.0646
8.1181
5.1100
0.8696
20.6954
7.5651
4.6981
10.3985
10.6822
1.5296
0.8463
12.9654
0.4366
0.1625
9.3776
8.7700
24.0385
16.1993
14.8179
4.9482
4.2835
7.3089
4.1274
0.6258
0.0827
10.3852
7.2371
8.6022
5.5957
0.6681
14.1790
2.7056
1.0144
1.0556
2.2267
2.1353
1.8856
10.5709
7.7668
1.6138
14.8284
0.0866
8.0607
3.6357
4.5156
1.4790
1.7995
10.5700
10.1642
7.3295
9.2097
18.0830
6.2142
8.3679
20.3640
2.6015
12.2828
5.1404
13.2479
3.4711
1.1506
12.6346
1.6958
7.9291
8.0227
2.6831
2.1822
0.2824
21.8180
1.7446
4.7826
3.0522
30.6138
14.3124
10.8502
15.0948
5.4268
7.9925
2.9809
0.4149
14.4552
2.8034
0.3323
9.8286
10.0013
7.1162
6.9354
1.4961
9.4772
7.8613
12.6256
0.0017
7.3858
16.4329
0.0979
4.5378
15.3099
18.6704
5.7647
5.1503
20.3817
4.0321
1.4709
11.0870
4.2157
12.2914
7.1654
16.2952
3.6101
0.7763
0.1726
0.0041
4.8875
6.1811
4.1710
5.5098
5.8977
16.5233
4.7774
0.5389
0.2643
5.4502
11.4818
0.1884
1.6088
7.8476
3.1347
2.5678
3.3947
2.1864
1.0974
8.8226
4.6173
14.4237
5.9247
4.6072
5.6858
5.6025
4.2297
0.4120
5.7424
5.1705
9.7270
1.2577
8.5901
5.6333
4.9568
10.7365
19.8478
0.3301
0.4011
8.1359
13.7217
0.9342
0.0225
0.8944
5.5196
7.1231
0.7363
0.9733
7.3696
5.0021
1.8309
4.8832
0.8125
0.9000
12.3600
18.0420
1.4282
3.3526
4.9467
20.2810
8.4164
18.3293
5.3562
17.3685
1.5086
0.7686
13.7530
11.1893
0.0958
14.5068
3.2161
0.5154
0.0585
1.0472
7.4589
11.1799
3.8846
3.9700
5.6036
2.5326
11.2739
1.9877
25.4807
9.6552
8.5428
0.7428
10.7682
16.2340
1.2699
2.7496
0.3034
15.3005
12.3464
5.4039
0.0190
7.7071
7.8689
13.9658
0.7825
13.8647
1.7593
1.2641
0.0973
15.5128
0.7699
17.2240
0.4756
2.3035
0.3305
17.6683
4.4393
6.4019
11.7126
21.3630
3.9314
0.6638
1.7354
10.5545
10.7742
7.7478
0.2013
0.2598
3.4939
1.5519
1.5560
10.8331
1.0179
3.6430
3.0621
16.9473
0.3221
0.8235
3.3753
0.6163
0.2336
0.0211
8.3022
2.5876
7.0002
0.0322
13.5017
0.0460
1.9077
0.7508
3.7185
5.0851
19.1555
1.9447
1.1158
1.2311
8.3496
14.6230
0.2327
11.6475
17.6464
1.4426
4.7643
1.0396
9.2448
5.7684
4.5446
0.6636
2.7562
9.4898
4.2170
11.9496
0.6886
9.7803
14.2125
0.4729
6.8808
0.0810
4.7409
11.9869
12.2561
4.8994
1.1942
8.2833
7.3897
9.5253
0.7988
8.4297
17.8806
5.7349
2.3973
5.8330
20.0063
0.0083
4.3692
3.6005
11.8330
14.1583
18.1332
0.0715
10.1725
6.6640
9.6397
7.5399
3.5369
18.3755
7.3140
4.0957
4.1550
3.9776
0.1111
7.2295
5.4589
8.8716
3.3676
10.3616
14.9898
20.8763
0.3282
8.6196
3.1396
1.2430
9.6148
25.3577
15.2648
5.3734
2.0625
3.0342
0.5640
4.7139
2.9395
8.7785
0.3615
7.8133
11.7137
0.9636
6.6973
7.9055
11.7047
3.0876
5.7270
2.2645
7.7430
17.5380
3.4172
0.6733
0.8499
9.5338
17.7345
1.5434
1.0306
12.1394
5.6590
7.2742
28.1576
1.7038
1.1393
13.9304
2.7345
0.2455
13.0434
0.3482
2.3451
0.2306
0.5636
8.5077
5.0030
0.0899
22.2790
5.7758
16.0349
4.1193
3.0320
4.4407
0.0641
1.3791
15.5930
5.3018
2.1864
1.6239
0.5014
14.2816
26.8111
11.1631
3.7259
0.9738
3.8023
2.9573
2.3589
10.7593
2.8261
6.4998
10.1129
5.7780
0.1312
4.4286
8.8677
3.4005
0.1233
0.1445
1.0745
5.9079
1.6021
22.5464
3.1340
10.6950
14.1917
2.1162
0.0656
0.8879
4.8619
5.9852
10.9800
0.0293
1.3997
5.2002
5.1282
3.8622
3.0217
16.4576
10.4699
0.3102
2.0594
2.9316
0.8246
3.2206
5.1809
0.7818
10.5053
3.3414