11.2876
11.1411
11.0350
10.4838
10.7664
10.7723
10.4048
10.1753
12.9351
11.0849
9.2294
12.4596
11.9595
11.6630
9.0891
11.8344
11.5678
11.0561
12.1343
11.5878
10.8871
11.9883
11.0895
10.7953
10.4825
11.2896
10.3520
11.1440
9.8573
10.6257
12.2173
10.9093
9.8979
10.0012
10.7381
10.9497
10.9275
10.5633
11.3527
10.4574
11.5695
12.3338
10.9427
10.2681
10.3552
11.0916
11.4327
10.7688
11.5054
10.9461
10.6567
10.5871
11.3123
10.9702
10.8036
10.9891
11.9051
11.0484
11.9495
10.3220
10.8158
11.8637
9.9865
10.8618
10.5839
10.6739
10.7432
11.5560
9.0880
10.6894
10.6254
11.4334
11.6061
10.8818
10.3397
10.8335
10.7060
11.0750
11.5443
10.3442
10.9057
10.5923
10.7024
11.0261
11.0514
10.8896
11.6651
10.8831
10.6863
11.8565
11.6933
11.4993
12.7574
11.8602
11.2716
10.2059
10.3174
11.4541
11.5718
11.0727
11.7165
10.8677
11.0533
11.5447
10.3371
10.9510
10.4678
11.8164
11.3993
11.6421
11.2467
12.0528
11.8361
11.4493
11.3459
10.4740
11.6025
10.6691
10.5006
11.1878
10.9824
10.7766
10.6350
11.3825
10.5876
11.2830
10.8627
11.0351
11.3972
10.6058
11.0044
12.0988
11.0537
10.6548
11.0762
12.5241
10.9131
10.5739
11.0313
10.7885
10.5901
11.4433
11.0587
10.8918
10.8958
9.0193
11.2930
11.3144
10.6708
10.9431
11.2673
10.9555
10.3619
9.2577
10.6597
11.1912
11.3149
10.0271
10.9046
11.3677
9.5408
10.8976
10.9112
10.1901
10.8776
10.9461
10.8845
11.1167
11.5803
10.9058
8.6739
11.7006
11.2943
9.7091
10.6014
11.1030
10.5657
12.7180
11.3239
11.0085
10.7975
10.3138
11.3387
11.5638
10.9754
11.2630
12.1385
11.0981
10.6355
10.3607
11.2385
9.9585
12.7052
10.1315
9.6235
10.6429
11.0309
10.7557
10.7331
11.3942
9.2242
10.7165
10.8349
8.4907
10.8539
11.2509
10.5458
11.1502
11.0941
11.4353
11.2460
12.1778
10.6693
10.8680
11.7605
10.8439
10.2573
11.1933
10.4549
10.1173
12.7498
10.7936
11.2496
9.8246
11.0982
10.5087
10.4794
10.9638
11.4789
9.9391
11.1999
10.5179
10.5232
11.3172
10.6123
11.5285
11.4297
9.1639
11.0980
11.8424
11.3289
11.0970
11.7436
10.7821
9.8201
9.8467
11.5764
11.0039
10.7527
11.4734
11.6750
10.5163
10.6159
10.8842
11.1397
10.9053
11.7412
11.2714
10.2220
11.4669
11.5593
11.3598
12.2819
10.9155
10.1561
10.1230
10.3672
11.3624
11.1525
11.3464
9.8697
12.8017
12.2016
11.2207
12.5884
12.7557
10.9572
11.6447
10.8991
10.6481
11.4175
11.0918
11.1886
10.8116
11.3174
10.9145
10.6712
10.0647
11.7643
11.1453
10.9412
10.5296
8.7527
10.4065
11.7299
11.1007
12.1720
10.9587
11.0182
11.3497
12.4306
11.5800
9.7840
11.2354
11.0320
10.8209
9.7980
10.0701
9.0310
10.6304
11.1744
10.9226
11.2781
9.8366
10.4024
10.9407
10.6938
11.5947
10.2489
10.5155
11.1946
10.1082
10.4688
11.3151
11.0287
9.8160
10.4824
11.0508
10.9336
10.8565
11.1507
10.4074
10.0207
11.1581
11.0905
12.3211
11.4781
10.0617
11.1089
11.7344
8.7696
11.2028
11.1184
10.9858
11.7423
11.7367
12.0805
11.6634
10.2757
10.8004
10.6408
10.1508
10.6301
10.8105
11.4017
10.4932
10.7054
11.9781
11.8143
11.8332
11.7939
9.4803
11.2146
11.8481
11.0562
11.4796
10.6891
8.9756
9.6987
10.8016
10.9011
10.9222
11.0079
10.5128
11.0728
11.1247
11.0518
10.4788
10.7260
10.8275
11.2832
9.8390
10.8866
10.7732
11.4637
11.2226
12.2075
11.0358
8.7785
9.9611
8.7901
11.8759
9.2707
10.3104
11.3287
10.4350
10.4046
10.7264
10.9903
10.6013
11.1923
11.2994
11.4789
11.8307
10.7771
12.0734
12.1106
11.2075
11.0067
11.5914
11.0958
10.6564
11.2567
10.8277
12.1824
11.1605
10.7581
10.8643
12.1577
11.0277
10.2464
11.3176
11.4897
11.0600
10.3622
9.6260
11.4599
11.4640
9.6330
10.9854
10.2776
10.5977
12.1656
11.5659
10.7755
10.6570
10.0072
11.1902
10.6157
10.5864
9.7186
10.2148
12.0118
10.6704
9.8427
13.2635
11.7696
12.1362
13.2760
12.6889
10.7526
12.2813
11.7818
11.6109
11.1204
11.0440
10.0717
11.1571
11.2820
11.8610
11.0180
12.6744
11.5236
11.5304
10.7088
10.8940
9.9653
11.0923
10.1649
9.2587
10.4860
11.1718
13.0795
9.0471
10.8537
11.0701
9.8886
13.3182
11.7315
10.8933
11.9926
12.1533
9.8259
11.0364
10.6053
10.6147
12.0592
10.6065
10.3259
10.8229
10.5702
10.3732
10.5183
11.3652
11.3295
12.1944
10.1337
10.7113
10.9229
11.4033