7.4228
7.3074
6.1787
6.7266
8.0187
6.7471
7.3017
7.0298
7.3928
7.1328
7.1237
7.4494
8.1270
7.0745
6.4840
7.4870
7.1108
6.7603
6.6070
7.0208
5.9124
6.5289
7.6276
7.3151
7.2533
7.0261
6.8053
6.9022
6.0924
7.1296
7.1804
6.7025
7.2387
8.7967
7.2047
7.2134
7.9561
7.3567
6.5935
7.6138
6.5203
6.9712
7.0454
6.1182
6.4707
9.5737
7.4585
6.7367
7.2471
6.5056
7.2921
6.3224
7.3233
6.9392
7.0477
7.1484
6.9987
6.9272
7.3978
8.0014
7.0914
7.0015
6.9628
7.2214
7.2678
7.1190
5.7862
5.5688
7.0015
7.4251
7.7659
6.9831
6.7301
6.9960
6.4093
7.9209
8.1900
6.7805
7.0408
7.0143
6.5689
7.8091
6.1041
6.9637
8.5209
6.0090
6.1874
7.2818
7.1130
7.0585
7.4874
5.9667
6.3837
7.3524
6.9055
6.8274
5.3769
6.8512
7.0132
7.2058
7.1244
5.2763
6.5768
7.2245
7.3612
9.0017
6.7849
7.1174
6.4857
7.6838
6.8982
6.8952
6.5714
7.1794
7.2115
6.5294
6.9772
6.9824
8.0509
8.7024
6.7834
6.8366
6.4167
6.5620
6.4499
6.6219
6.5630
7.2822
6.0397
6.8798
4.5002
6.2531
6.5818
6.3717
5.9179
7.1943
5.7349
6.1237
6.1140
6.3768
6.6628
7.0565
6.7600
6.8363
5.5619
8.2690
6.9873
6.5124
8.3372
6.4668
7.7145
6.8549
7.3502
6.3730
7.1839
6.9744
7.0632
6.8780
6.9436
7.1522
7.0890
6.2441
6.1099
6.0844
6.7470
8.0798
7.2222
7.1019
6.8301
7.3304
7.1111
6.6481
6.2118
7.5977
5.7063
6.5963
6.6626
7.2277
6.4548
7.0184
6.4824
7.2600
6.3128
7.4159
7.3144
5.4787
6.7331
7.2150
7.3552
6.6471
7.1337
6.9145
7.0232
6.7269
8.3397
6.9965
7.6383
6.6933
7.3077
7.1065
7.2358
7.3325
6.4800
6.7890
6.4367
7.5112
6.7045
6.7286
7.3521
10.2153
9.2276
6.9577
7.6650
7.2873
6.6960
5.9088
7.7309
8.2005
6.5451
6.7789
7.2492
6.8896
6.1967
7.6371
6.3663
5.5268
6.9980
6.9887
7.8325
5.9451
6.6504
7.3401
7.4192
7.2628
6.6812
7.0010
6.8677
6.2331
7.1145
6.7664
7.1775
6.9108
7.7423
6.9915
7.4719
8.0730
6.7491
9.5877
7.0927
7.2790
7.1737
7.1532
7.5895
5.6423
6.4485
6.4730
8.1071
7.3337
6.4674
6.8725
6.9619
6.7816
7.2017
6.0334
6.4206
6.0111
6.9485
7.0937
6.6272
7.9828
6.9792
6.9950
6.8027
7.4053
6.8971
6.7385
7.4006
6.4662
7.1038
6.8344
8.6458
7.8476
5.7189
7.0276
6.4905
7.8071
8.5036
5.7826
7.2754
6.5230
6.2879
7.3006
7.0838
6.3887
7.4669
7.0566
6.1232
6.2342
6.9654
6.2103
7.2665
6.1005
6.6829
6.9919
6.9729
6.6386
7.3610
7.3649
7.0860
6.7241
7.8682
7.5999
8.8009
8.4538
7.9580
7.1500
6.5193
6.8049
7.0871
7.1140
6.9805
6.9507
6.2628
6.6352
6.7536
7.2563
7.6843
6.3045
7.1339
7.9171
6.4909
6.7078
6.7307
8.0648
6.5563
6.9058
8.6949
6.7558
7.4097
8.3712
5.6241
6.6457
6.9058
6.3215
6.7049
6.4615
3.6333
6.6855
7.7391
6.6740
7.9306
6.9304
7.0630
8.0012
7.0726
7.6835
7.2938
6.6084
6.9756
7.2106
7.0641
6.9273
7.1165
5.7455
4.9525
6.9538
6.9352
7.5230
5.8933
7.4378
8.2385
6.5757
8.3465
6.0899
7.1760
7.4856
6.7394
7.1020
6.1539
6.9664
7.4295
6.4244
7.5544
7.0901
7.0193
6.8448
7.0344
7.3742
7.8985
5.8931
7.1204
5.6890
6.9905
6.8886
7.7467
5.3918
6.8722
6.4288
9.1755
7.3240
6.3749
7.5927
6.9079
9.0854
6.6102
7.8312
7.0558
6.9606
6.6627
6.4239
6.4675
8.3321
8.0343
6.2009
5.7594
7.0383
6.5362
7.5086
7.2653
6.6725
9.3641
7.0880
7.1764
5.0900
7.3476
6.8969
6.7828
7.0540
6.9748
6.4306
7.4280
7.1448
8.3971
8.1633
7.9044
2.9343
7.2303
7.8543
6.9545
7.1151
6.3061
7.1303
6.8269
6.5304
7.7408
7.3217
6.4200
6.6409
7.2539
7.2267
6.9129
7.8608
6.0746
6.7218
6.8568
6.8105
6.9441
7.6504
6.8142
7.2103
7.5548
6.3794
7.1516
6.8987
7.0198
7.8555
7.6717
6.3577
6.5679
6.8395
6.0775
7.2653
7.1747
7.0396
7.7519
6.7403
7.2672
6.7319
7.2303
6.2061
6.8783
7.2168
7.1804
6.9674
6.7490
7.3088
8.1765
7.3078
6.9512
5.0848
7.0243
6.2947
7.0465
6.8599
6.5969
6.9601
5.7974
7.6252
6.7706
7.0110