3.0889
3.9685
3.9968
5.2778
5.8498
6.0842
6.4527
6.6035
6.6406
6.6419
6.7268
6.9102
7.0013
7.2377
7.3068
7.4633
7.4932
7.5557
7.7975
7.8366
8.0478
8.0825
8.1973
8.2014
8.259
8.2672
8.5892
8.6175
8.6781
8.9549
8.9585
9.1121
9.1404
9.3418
9.3474
9.3633
9.4442
9.4631
9.5879
9.6071
9.6331
9.7777
9.8513
10.0553
10.0895
10.0996
10.1199
10.2903
10.3532
10.3823
10.4281
10.4845
10.5497
10.5931
10.7049
10.7607
10.8038
10.9004
10.9102
11.0188
11.0375
11.3566
11.3771
11.4181
11.5421
11.6441
11.7036
11.7917
11.8876
11.9807
11.9975
12.0059
12.0227
12.048
12.1569
12.1703
12.1886
12.2411
12.3308
12.3333
12.3456
12.3901
12.4385
12.4784
12.5359
12.5372
12.5686
12.6467
12.6594
12.7573
12.7892
12.8636
12.9734
13.0828
13.1182
13.1998
13.2183
13.2673
13.2991
13.2991
13.3484
13.3578
13.4221
13.5015
13.5123
13.5245
13.5475
13.5665
13.6385
13.6727
13.6877
13.7344
13.7371
13.7991
13.8018
13.896
13.9113
13.9754
14.0413
14.0525
14.0539
14.0637
14.1004
14.1145
14.1371
14.2079
14.2577
14.3364
14.3378
14.3794
14.4414
14.4935
14.5196
14.5254
14.5472
14.6597
14.6699
14.7008
14.7037
14.7096
14.7553
14.8663
14.8991
14.9947
15.0774
15.1667
15.197
15.2214
15.313
15.3528
15.3728
15.4144
15.4175
15.439
15.4963
15.5211
15.5382
15.6161
15.6239
15.6505
15.7572
15.7888
15.8426
15.9172
15.9554
16.0066
16.0274
16.0386
16.0884
16.1335
16.1691
16.1772
16.2647
16.3463
16.5221
16.5221
16.5684
16.5718
16.585
16.5966
16.6415
16.6682
16.7752
16.7936
16.8121
16.9234
17.0066
17.0236
17.0645
17.1123
17.1844
17.2153
17.255
17.2722
17.4319
17.5596
17.6123
17.6141
17.7361
17.7894
17.825
17.8928
17.9054
17.9287
17.9753
17.9987
18.0402
18.0564
18.0708
18.1306
18.1415
18.1469
18.1705
18.2032
18.2105
18.2689
18.2707
18.2744
18.278
18.2853
18.2927
18.3073
18.3091
18.3421
18.3476
18.4876
18.4968
18.5135
18.6212
18.694
18.8159
18.8667
18.8856
18.9367
19.0316
19.0449
19.106
19.1136
19.1212
19.1653
19.2286
19.2459
19.3986
19.4063
19.4335
19.4471
19.4802
19.4841
19.6681
19.7746
19.8222
19.9155
19.9215
20.0594
20.2266
20.3097
20.3199
20.3932
20.4095
20.4401
20.4626
20.5323
20.5426
20.5734
20.5961
20.6352
20.6394
20.6517
20.6538
20.7968
20.8051
20.9743
21.0458
21.0963
21.1365
21.164
21.3041
21.3212
21.3276
21.3318
21.4688
21.5376
21.557
21.5635
21.5807
21.6607
21.7628
21.8107
21.8631
21.8675
21.8981
21.9354
21.9485
22.0784
22.1005
22.1093
22.1115
22.1138
22.1292
22.1957
22.2468
22.2624
22.3494
22.4054
22.4143
22.6124
22.6373
22.694
22.8146
22.8603
22.8625
23.0001
23.1039
23.1108
23.1385
23.1524
23.2383
23.3104
23.5094
23.5117
23.7314
23.9484
23.9508
24.0011
24.0323
24.1094
24.1649
24.2496
24.2884
24.359
24.4248
24.5252
24.5546
24.5792
24.5841
24.6013
24.6802
24.7321
24.9182
25.1888
25.2519
25.3277
25.381
25.4521
25.4725
25.5414
25.6925
25.7414
25.8161
25.8265
25.9118
25.9559
26.1147
26.1566
26.1644
26.1984
26.3746
26.4591
26.4882
26.5519
26.6157
27.1805
27.2431
27.5086
27.6548
27.8797
27.8909
27.8937
28.3776
28.4174
28.4629
28.4657
28.6542
28.6571
28.8439
29.0059
29.0059
29.0466
29.0843
29.2126
29.3267
29.4413
29.5387
29.5682
29.6304
29.663
29.8325
29.8564
29.8654
29.8773
29.9581
30.0391
30.1324
30.2229
30.2834
30.338
30.3531
30.3896
30.5114
30.5511
30.8952
30.9014
30.9849
31.0904
31.2963
31.3778
31.6298
31.7693
31.8488
32.424
32.5182
32.6616
32.6681
32.7368
32.9404
33.2216
33.2848
33.4449
33.4717
33.6058
33.6327
33.7237
33.9674
34.0592
34.1035
34.1171
34.2265
34.2744
34.4531
34.6847
34.7056
34.9598
34.9703
34.9878
35.3147
35.6696
36.0353
36.1979
36.274
36.6202
36.8701
36.8885
37.4797
37.4985
37.5623
37.5811
37.7921
38.0652
38.2369
38.467
38.6714
38.9236
39.1696
39.2009
39.3935
39.4132
39.4842
39.5474
39.7536
40.2134
40.3382
40.5688
40.7681
41.5834
42.7385
42.8026
43.2458
44.093
44.5851
44.7817
44.8131
45.3314
45.454
45.8787
46.5813
47.7844
48.7888
49.6153
50.6278
50.7545
51.5782
51.8523
53.4582
53.9631
53.9793
54.2824
57.0826
57.9511
58.7035
59.8834
61.2645
61.6208
62.0723
63.7711
64.8061
64.8774
66.1814
72.9738
73.3395
89.1214