0.8768
0.9204
1.138
1.1435
1.1748
1.18
1.1909
1.2064
1.2132
1.2583
1.2601
1.2615
1.2687
1.2871
1.2874
1.2887
1.3062
1.315
1.3271
1.3647
1.3697
1.3752
1.3928
1.4014
1.4042
1.4219
1.4256
1.4457
1.4664
1.495
1.504
1.504
1.5218
1.538
1.5481
1.553
1.5649
1.5672
1.5737
1.5896
1.5934
1.5938
1.6111
1.6114
1.6248
1.625
1.6273
1.6377
1.6412
1.6505
1.6507
1.6598
1.6653
1.6658
1.7068
1.7114
1.7119
1.7181
1.7281
1.7293
1.7456
1.7465
1.7482
1.7837
1.7853
1.7966
1.8002
1.8101
1.8132
1.8179
1.8203
1.8223
1.8289
1.83
1.8511
1.8638
1.8671
1.8692
1.8705
1.8724
1.8742
1.8857
1.887
1.8883
1.8944
1.897
1.901
1.9039
1.9071
1.9127
1.9157
1.9182
1.92
1.9248
1.9263
1.9302
1.9346
1.9414
1.948
1.9537
1.954
1.9627
1.9693
1.9699
1.9782
1.9848
1.985
1.9933
1.9991
2.0041
2.0049
2.0061
2.0065
2.0081
2.0146
2.0216
2.0364
2.0383
2.0579
2.0592
2.06
2.0612
2.0616
2.0641
2.0685
2.0749
2.0786
2.0792
2.0922
2.0932
2.0972
2.1056
2.1115
2.1449
2.1567
2.1602
2.1878
2.1939
2.1946
2.1979
2.201
2.2014
2.2014
2.2034
2.2102
2.2124
2.2136
2.2173
2.2222
2.2269
2.2291
2.2318
2.2416
2.2432
2.2441
2.2441
2.2452
2.2529
2.2594
2.266
2.2664
2.2678
2.275
2.2762
2.2828
2.2837
2.2844
2.2858
2.2869
2.2892
2.2954
2.3187
2.3247
2.3254
2.3308
2.335
2.3408
2.3474
2.3483
2.354
2.3587
2.3601
2.3601
2.3617
2.3693
2.371
2.379
2.3881
2.3958
2.4097
2.4099
2.4157
2.416
2.4162
2.4177
2.4225
2.4244
2.4266
2.4276
2.4356
2.4366
2.4549
2.4576
2.4692
2.4751
2.4769
2.4823
2.5005
2.5115
2.5118
2.5136
2.5188
2.5201
2.5292
2.5393
2.5424
2.5442
2.551
2.5549
2.5618
2.5708
2.5818
2.5842
2.5953
2.601
2.6028
2.6109
2.6146
2.6195
2.6201
2.6222
2.6224
2.6264
2.6345
2.643
2.6435
2.6525
2.6557
2.6714
2.6741
2.6789
2.6821
2.6934
2.6974
2.6982
2.7018
2.708
2.715
2.7183
2.7308
2.7437
2.744
2.7525
2.7555
2.7618
2.7665
2.7749
2.7771
2.7774
2.7846
2.7849
2.8151
2.816
2.8179
2.8196
2.8335
2.842
2.8454
2.8491
2.8591
2.868
2.8783
2.8786
2.8867
2.8895
2.8968
2.9069
2.9128
2.9136
2.9154
2.9165
2.9233
2.9364
2.9411
2.9497
2.9509
2.9512
2.9597
2.9731
2.977
2.9802
2.9814
2.9832
2.9838
2.9847
2.9925
2.9952
3.0256
3.0359
3.0435
3.045
3.049
3.0538
3.0575
3.0581
3.0618
3.0821
3.0842
3.0957
3.1046
3.1115
3.1155
3.1252
3.1365
3.1399
3.1617
3.1636
3.1689
3.1788
3.1794
3.1912
3.1944
3.196
3.2082
3.2091
3.2146
3.2278
3.231
3.232
3.2323
3.2385
3.2655
3.2723
3.2825
3.2953
3.3135
3.3145
3.3181
3.3221
3.3378
3.3448
3.3528
3.3578
3.3582
3.3737
3.3804
3.3862
3.3984
3.4008
3.4011
3.4021
3.4178
3.4353
3.4367
3.4415
3.4425
3.4453
3.4456
3.446
3.4532
3.4584
3.4601
3.4608
3.4608
3.4841
3.4921
3.4963
3.497
3.5068
3.5173
3.518
3.5198
3.5452
3.5655
3.5726
3.5956
3.6056
3.606
3.627
3.6463
3.6594
3.6612
3.6785
3.7006
3.704
3.7236
3.727
3.7464
3.7693
3.7693
3.775
3.7754
3.7863
3.7897
3.7897
3.7958
3.7962
3.7962
3.8175
3.824
3.8259
3.8416
3.8436
3.8466
3.8516
3.8671
3.8698
3.8884
3.8981
3.9032
3.9126
3.9204
3.9397
3.9468
3.9511
3.9586
3.9689
3.9833
4.0165
4.0265
4.0301
4.0362
4.0572
4.0605
4.0645
4.0763
4.0776
4.0865
4.0972
4.1115
4.1268
4.1313
4.1322
4.1574
4.1687
4.1737
4.1963
4.2072
4.2283
4.252
4.2627
4.264
4.2858
4.3732
4.4066
4.4362
4.5141
4.5163
4.5218
4.524
4.5344
4.5512
4.5604
4.5873
4.6348
4.6353
4.6805
4.6842
4.7124
4.7129
4.7214
4.7252
4.7375
4.9318
4.9699
4.9754
4.9789
5.0279
5.0693
5.0805
5.2247
5.301
5.31
5.3175
5.3249
5.3736
5.3768
5.4657
5.5306
5.5328
5.6204
5.6378
5.6916
5.7219
5.8381
6.0008
6.1836
6.1892
6.2071
6.3249
6.3446
6.3566
6.4463
6.5476
6.5864
6.7876
7.6148
7.6952
7.9933
8.3637