62.6648
66.8265
68.6074
70.295
70.6473
71.1649
71.9377
77.3546
78.5551
79.2177
79.5352
80.3185
80.7534
81.5405
82.0066
82.7397
83.0797
83.6549
83.7721
84.4787
84.8937
85.8756
86.4702
86.7734
87.1647
87.4354
87.8297
88.2611
88.6415
88.7834
89.6757
91.1221
91.268
91.3593
93.5504
93.6627
93.8314
95.1924
95.3544
95.4879
95.6504
95.7844
95.9378
96.6987
96.8342
97.0863
97.7096
97.7683
98.9782
99.1566
100.053
100.8465
100.8768
101.5549
101.9212
102.0844
102.997
103.3995
103.5961
104.1362
104.1675
104.5745
106.6018
107.0825
107.7916
108.1587
108.1696
109.3223
109.7714
110.1232
110.2775
110.5757
110.7416
110.7749
111.5307
111.9441
112.3254
112.4153
112.584
112.7192
112.7305
113.0805
113.3069
113.5224
113.8179
114.0116
114.3884
115.0768
115.192
115.2496
115.3995
115.411
115.6999
116.0011
116.3729
117.6013
117.8839
117.9075
118.0844
118.2617
119.0686
119.2235
119.3547
119.6655
119.7493
119.7493
119.953
120.3375
120.3495
120.4338
120.5061
120.8439
120.989
121.0496
121.1585
121.9121
122.0584
122.1806
122.3517
122.6089
122.658
122.7439
122.7684
123.3962
123.4949
123.5196
123.5567
123.569
123.8288
124.1015
124.1264
124.2008
124.2381
124.4619
124.574
124.6363
124.9483
125.1609
125.1984
125.2485
125.3362
125.3738
125.4993
125.6248
125.7128
125.8763
126.1536
126.5199
126.824
127.0143
127.0525
127.1033
127.2559
127.5107
127.8298
127.8426
127.8426
128.0089
128.0473
128.3037
128.4577
128.7149
128.7922
129.0371
129.5413
129.6191
129.9305
130.1126
131.2364
131.4071
131.4728
131.5517
131.578
131.8019
131.8678
132.0526
132.0922
132.489
132.489
132.5818
132.9403
133.4064
133.6066
133.6467
133.7269
133.834
133.8474
134.2227
134.3569
134.6798
134.7337
134.8685
135.125
135.152
135.152
135.2466
135.3278
135.6801
135.7751
135.8566
136.1694
136.5786
136.7836
137.2769
137.593
138.103
138.255
138.3518
138.9202
139.1844
139.2262
139.3376
139.3794
139.6585
140.0081
140.0641
140.3305
140.8084
140.8506
140.9775
140.9775
141.3303
141.6841
141.6983
141.9962
142.2378
142.3516
142.8793
142.965
143.151
143.4089
143.538
143.696
143.9837
144.2575
144.3152
144.3874
144.5897
144.662
144.8647
145.0821
145.1111
145.1111
145.2854
145.2999
145.6054
146.0867
146.3352
146.4816
147.2159
147.5106
147.5253
147.865
147.8798
148.2055
148.4725
148.7847
148.8888
149.2765
149.2914
149.6501
150.1748
150.5056
150.7164
151.1088
151.3659
151.4567
151.851
151.9118
152.4597
152.6275
152.8871
152.9177
153.0095
153.0554
153.1473
153.1779
153.3618
153.4232
153.5613
153.8226
153.8688
153.8995
154.7174
154.9806
155.0116
155.0581
155.2598
155.6173
156.1317
156.5069
156.6791
156.9614
157.1185
158.0166
158.7134
159.3017
159.6206
159.9242
160.0042
160.2604
160.6937
160.7258
160.7741
160.8223
160.9027
161.3539
161.3539
161.4346
161.5153
162.3087
162.4386
162.8126
162.9755
163.1875
163.2365
163.9891
164.1532
164.416
164.8276
164.9595
165.2898
166.0518
166.1515
166.4342
166.6174
166.7674
167.1013
167.235
167.3186
167.3688
167.5028
167.6033
167.6871
167.9221
169.1693
169.3047
169.508
169.8134
170.4769
171.5029
171.8806
171.9494
172.0182
172.2075
172.466
172.5177
173.2612
173.3651
173.4172
173.4345
173.9382
174.0078
174.0774
174.269
174.4608
175.8269
175.9148
176.1613
176.2846
176.4257
176.7613
176.8673
176.9027
176.9204
176.9558
177.7184
177.8072
177.9851
178.288
178.3058
178.5199
178.8594
179.1458
179.2533
179.2533
179.5224
179.6481
180.296
180.3501
180.6208
181.0548
181.617
181.6896
181.726
182.4543
182.5091
183.2223
184.4909
184.6939
185.0822
185.6197
185.9355
186.3637
186.9236
187.3353
187.5415
188.1426
188.1426
188.7267
188.8966
188.9722
189.8245
190.4329
190.452
190.8905
191.9817
192.0777
192.1353
192.1546
193.0984
193.3883
193.4463
193.698
194.2216
194.3382
194.8441
195.4296
196.3895
196.6253
197.6307
198.1056
201.4216
201.482
202.1682
204.1184
205.4084
205.4905
205.9843
206.2523
206.5825
206.6652
207.5765
209.4531
210.4188
210.9244
210.9877
212.7888
212.8101
213.023
213.1295
213.4281
213.5989
215.0778
215.293
216.3505
216.697
216.9789
217.7179
217.7614
218.6998
219.3569
219.7081
221.6944
221.8719
222.405
223.4081
223.6763
224.1017
224.82
225.5406
225.6082
227.8984
227.9668
228.6517
231.6899
233.2008
234.0185
234.3932
234.8155
235.4032
235.9925
236.2522
236.3704
236.8673
237.128
237.4364
237.6027
241.5315
241.7974
242.0151
242.9365
244.5941
250.5604
251.3383
251.4389
252.4719
254.0167
257.5207
259.3296
264.1983
268.8625
270.3453
274.6781
276.1654
278.4671
301.4789
332.7528
336.871
346.0558