14.5350
3.2264
2.0715
5.9274
2.6145
12.2456
9.5685
12.6552
2.7963
3.2524
3.2763
2.2386
9.8831
16.2612
15.0082
13.4880
2.2689
9.9845
1.6495
10.3784
3.0884
9.6663
9.6073
5.6277
8.8543
2.0225
8.6895
14.1057
4.6828
13.0812
17.1100
2.2084
11.2701
13.9595
4.9535
8.7396
7.2838
2.3365
13.5395
4.6445
2.5008
10.0533
20.9961
3.2667
1.2044
9.4766
9.7967
1.0268
2.8852
11.1444
10.5495
10.4680
4.7577
2.9113
11.0803
1.8849
9.4981
3.1438
11.9275
7.9132
14.7389
2.7481
6.7509
2.6530
9.6787
2.5183
3.7958
9.6542
2.2500
2.3507
2.0205
1.3346
21.1246
5.8958
11.5015
4.1624
1.1687
11.7294
1.5886
10.5687
12.5059
12.0311
19.0791
14.3445
7.1875
13.0968
1.5860
1.6976
19.4745
2.4381
7.3951
2.8036
2.1135
7.0709
4.0597
22.5601
2.1111
14.6903
1.3127
10.2468
11.4258
23.3040
14.5453
1.5328
1.1736
4.1066
6.7550
5.1631
7.5531
2.2541
5.0044
3.7390
1.2387
23.7118
4.3396
4.9444
2.9350
2.4938
3.6943
11.0359
18.1058
11.4640
12.0623
0.8323
1.0398
12.8804
2.3195
14.1530
0.9136
3.1524
10.4084
0.8064
2.7181
5.0489
16.1024
9.1560
16.5823
9.4609
0.9800
1.9664
1.6614
19.4357
8.7547
15.1582
1.4495
2.9912
7.6247
11.9429
12.3963
11.3050
3.1527
13.3140
5.1611
13.4260
3.3668
2.3480
3.0993
3.9770
6.0045
14.5044
20.4821
2.3813
8.5560
2.4955
1.5302
7.8572
13.9689
3.2003
4.1096
3.9452
5.3945
2.5568
3.5184
12.0473
4.0685
8.7280
5.3312
1.7323
19.9389
2.2751
5.4794
1.4089
12.3800
6.2715
7.0198
10.2450
3.6005
16.6257
9.1274
12.6033
1.8620
2.4543
35.7838
3.1987
11.9306
1.2797
1.2476
14.7442
13.4142
9.1043
2.9492
2.3413
2.5847
2.0957
1.9133
2.7693
0.8816
4.2677
21.0172
9.1862
7.6831
3.4419
2.3852
10.8462
11.4334
3.3915
11.4629
17.2877
0.7879
4.5967
2.3931
6.9406
4.1825
2.3761
9.9656
8.5787
2.8882
3.3875
10.6055
10.8855
10.1444
3.5349
1.3462
8.9427
13.7711
4.9199
3.1879
4.1845
1.8190
1.1733
5.6104
11.6002
9.5875
4.3126
10.8125
9.9938
12.3890
10.5339
4.1034
1.6602
9.1964
1.4019
2.0335
13.4968
4.0441
12.1706
7.9191
19.1163
4.0576
10.0040
1.7208
13.4907
2.5745
2.3928
2.7729
11.7214
15.1232
12.3414
5.6962
2.3477
1.1653
10.4329
0.9379
1.7649
2.6022
2.4500
14.8172
8.9199
2.1280
13.9313
17.8188
8.6646
1.4072
2.7752
2.2199
0.7907
11.7476
4.4527
1.3659
11.0464
4.9296
1.3583
8.9658
12.5599
10.2335
3.4283
2.0841
17.7351
2.0319
15.3503
2.6777
2.8123
2.4717
10.5367
9.8391
9.4799
8.7667
10.8886
3.7133
13.3781
12.2441
4.0676
3.9771
6.6345
5.0697
2.1612
12.5632
1.1978
10.7216
15.1561
1.5848
26.0983
15.2398
13.8115
6.0565
2.0602
1.3855
1.8057
1.4298
2.2705
6.4665
12.1127
17.2999
15.0587
12.2540
1.2532
1.6414
13.5719
4.0774
3.9131
3.5882
12.3038
7.9607
6.4306
14.6751
10.7422
20.0343
20.6364
8.0225
18.4534
1.8500
5.0050
10.9025
3.1191
13.6390
14.9872
15.1796
10.8003
2.6465
17.8740
16.5548
20.8019
4.1578
14.6251
19.1409
16.8424
14.3113
3.9457
12.2664
19.6337
1.9267
7.2632
2.1451
5.3128
9.9313
3.6219
2.1366
16.0469
17.7393
8.6520
11.4812
5.7938
1.5945
1.2444
8.1834
2.0069
6.1017
11.0478
3.5184
11.4465
2.0806
18.7251
3.6048
7.9108
1.2742
4.2351
14.7001
4.5900
13.9401
5.6299
2.0416
15.5860
2.9469
4.2629
11.7167
8.9445
2.6766
4.6769
2.1621
11.8849
3.0929
15.2181
10.0992
21.5619
2.3526
2.3393
20.8433
2.0677
2.2827
3.9569
2.1372
11.9509
13.5490
14.2280
8.6401
2.1413
9.9412
2.1406
13.2616
0.9165
2.1646
1.9590
3.6180
1.5250
1.2652
21.7573
9.9110
16.1633
12.3590
2.4932
4.1994
2.7912
9.4751
8.1540
2.9716
3.5981
2.6652
1.8215
16.2267
9.7287
4.4331
11.9189
11.2100
14.6174
16.6749
4.9846
3.8556
2.9201
1.4614
1.2674
1.6053
17.1516
4.2614
3.7373
10.3712
1.4930
10.4767
3.2968
8.3465
3.9671
10.5368
14.5041
7.7911
11.9853
1.2977
12.4958
2.8676
11.1316
1.8524
8.9602
4.1855
4.9328
12.7043
1.8610
19.5339
13.5977
2.8363
11.3798
2.8367
5.4329
13.5975
8.6589
9.1419
9.4964
2.9208
13.1668
15.0327
9.4808
1.4821
1.8875