2.2557
2.0538
2.5094
3.5487
3.4315
4.4302
2.0073
2.2795
3.2889
2.0760
2.1456
2.0234
2.0165
2.0917
2.1279
2.0086
2.1750
2.2215
2.4469
2.2338
2.2465
2.2322
3.6546
2.3396
2.2979
2.1896
5.0659
3.0161
6.5376
2.1537
4.2660
2.0276
2.7139
3.0559
4.9114
2.3400
2.1867
2.8290
2.2287
2.9060
2.0390
2.1137
2.0334
2.2346
2.3633
2.3919
2.2480
5.8040
2.0209
2.1355
2.0025
3.8365
2.0536
2.1540
2.9061
2.6584
3.0257
2.7601
2.0449
2.0722
2.8461
2.5584
2.0977
2.2770
2.4451
2.7290
2.4489
2.1025
4.8167
2.6738
2.4139
2.9784
3.0122
2.1580
2.1004
3.3103
2.0619
2.0309
2.8621
2.7965
5.8456
3.8294
3.5918
2.4351
2.3793
2.6488
2.3665
2.0804
2.0194
2.9769
2.6419
2.7789
2.4911
2.0843
3.4902
2.2519
2.1151
2.1186
2.2139
2.2066
2.1867
2.9989
2.6937
2.1648
3.5935
2.0201
2.7231
2.3264
2.3986
2.1538
2.1798
2.9988
2.9510
2.6508
2.8437
4.1987
2.5463
2.7545
4.7305
2.2436
3.2160
2.4516
3.3507
2.3131
2.1266
3.2640
2.1714
2.7099
2.7193
2.2501
2.2104
2.0455
5.1283
2.1754
2.4211
2.2795
9.1437
3.5110
3.0326
3.6374
2.4763
2.7163
2.2738
2.0597
3.5335
2.2597
2.0510
2.9125
2.9322
2.6303
2.6131
2.1552
2.8731
2.7031
3.2628
2.0014
2.6563
3.8722
2.0218
2.4005
3.6735
4.3260
2.5060
2.4524
4.7350
2.3586
2.1532
3.0616
2.3737
3.2172
2.6350
3.8469
2.3243
2.0942
2.0322
2.0026
2.4300
2.5433
2.3701
2.4836
2.5178
3.8890
2.4206
2.0721
2.0434
2.4784
3.1111
2.0343
2.1644
2.7017
2.2861
2.2410
2.3069
2.2107
2.1221
2.8021
2.4072
3.5285
2.5203
2.4063
2.4990
2.4917
2.3749
2.0594
2.5040
2.4541
2.9010
2.1356
2.7776
2.4944
2.4359
3.0188
4.6009
2.0507
2.0583
2.7308
3.4205
2.1081
2.0081
2.1047
2.4844
2.6310
2.0906
2.1115
2.6547
2.4397
2.1823
2.4296
2.0974
2.1051
3.2264
4.1900
2.1497
2.3035
2.4350
4.7092
2.7595
4.2513
2.4702
4.0519
2.1563
2.0935
3.4252
3.0743
2.0215
3.5417
2.2926
2.0698
2.0154
2.1179
2.6634
3.0731
2.3466
2.3535
2.4918
2.2382
3.0849
2.1949
6.3974
2.8930
2.7727
2.0911
3.0226
3.8357
2.1366
2.2554
2.0478
3.6719
3.2246
2.4743
2.0072
2.6878
2.7039
3.4574
2.0947
3.4420
2.1766
2.1361
2.0217
3.7081
2.0936
4.0233
2.0659
2.2200
2.0508
4.1124
2.3923
2.5635
3.1407
4.9983
2.3504
2.0839
2.1746
2.9969
3.0233
2.6918
2.0359
2.0429
2.3149
2.1598
2.1601
3.0305
2.1154
2.3269
2.2803
3.9693
2.0499
2.0984
2.3054
2.0795
2.0398
2.0077
2.7478
2.2425
2.6193
2.0102
3.3878
2.0130
2.1885
2.0919
2.3331
2.4468
4.4359
2.1914
2.1237
2.1334
2.7526
3.5603
2.0397
3.1323
4.1080
2.1509
2.4195
2.1172
2.8475
2.5063
2.4011
2.0839
2.2559
2.8745
2.3738
3.1717
2.0862
2.9070
3.4954
2.0656
2.6080
2.0192
2.4176
3.1766
3.2124
2.4310
2.1303
2.7458
2.6566
2.8784
2.0962
2.7609
4.1562
2.5034
2.2274
2.5121
4.6401
2.0041
2.3864
2.3235
3.1564
3.4870
4.2093
2.0176
2.9520
2.5877
2.8912
2.6713
2.3184
4.2613
2.6493
2.3639
2.3687
2.3542
2.0238
2.6412
2.4791
2.8073
2.3047
2.9741
3.6200
4.8649
2.0505
2.7807
2.2865
2.1344
2.8884
6.3473
3.6659
2.4717
2.2008
2.2781
2.0745
2.4153
2.2705
2.7974
2.0541
2.6983
3.1409
2.1107
2.5908
2.7075
3.1397
2.2823
2.5027
2.2169
2.6913
4.0859
2.3087
2.0848
2.1007
2.8794
4.1260
2.1591
2.1165
3.1968
2.4967
2.6455
7.6510
2.1721
2.1257
3.4520
2.2542
2.0412
3.3214
2.0527
2.2233
2.0394
2.0745
2.7690
2.4398
2.0206
5.2655
2.5070
3.7997
2.3658
2.2779
2.3924
2.0163
2.1457
3.7219
2.4655
2.2107
2.1656
2.0684
3.5062
6.9790
3.0710
2.3337
2.1116
2.3399
2.2719
2.2244
3.0215
2.2615
2.5725
2.9451
2.5072
2.0267
2.3914
2.8069
2.3074
2.0256
2.0285
2.1202
2.5188
2.1639
5.3478
2.2860
3.0138
3.4922
2.2051
2.0166
2.1041
2.4278
2.5257
3.0484
2.0096
2.1474
2.4567
2.4505
2.3447
2.2771
3.8768
2.9869
2.0486
2.2006
2.2699
2.0985
2.2930
2.4550
2.0947
2.9911
2.3026