2.1240
2.0267
2.2403
2.6641
2.6197
2.9766
2.0037
2.1352
2.5647
2.0376
2.0715
2.0117
2.0082
2.0453
2.0630
2.0043
2.0857
2.1079
2.2122
2.1137
2.1197
2.1129
2.7036
2.1632
2.1438
2.0926
3.1831
2.4561
3.6160
2.0754
2.9210
2.0138
2.3298
2.4722
3.1341
2.1633
2.0913
2.3787
2.1113
2.4108
2.0194
2.0561
2.0166
2.1141
2.1741
2.1872
2.1204
3.4071
2.0104
2.0667
2.0012
2.7700
2.0266
2.0756
2.4109
2.3058
2.4600
2.3495
2.0223
2.0358
2.3858
2.2620
2.0483
2.1340
2.2114
2.3362
2.2131
2.0506
3.1038
2.3125
2.1972
2.4407
2.4545
2.0775
2.0496
2.5731
2.0307
2.0154
2.3925
2.3650
3.4192
2.7675
2.6802
2.2069
2.1814
2.3017
2.1755
2.0398
2.0097
2.4400
2.2987
2.3575
2.2321
2.0417
2.6421
2.1222
2.0567
2.0584
2.1042
2.1008
2.0913
2.4490
2.3211
2.0808
2.6809
2.0100
2.3337
2.1570
2.1903
2.0755
2.0880
2.4490
2.4294
2.3025
2.3848
2.8978
2.2567
2.3471
3.0759
2.1183
2.5361
2.2143
2.5887
2.1508
2.0623
2.5550
2.0840
2.3280
2.3321
2.1214
2.1025
2.0226
3.2026
2.0858
2.2005
2.1352
4.2764
2.6499
2.4627
2.6972
2.2255
2.3308
2.1325
2.0296
2.6584
2.1259
2.0253
2.4135
2.4217
2.2936
2.2861
2.0762
2.3971
2.3251
2.5545
2.0007
2.3049
2.7829
2.0109
2.1911
2.7105
2.9414
2.2388
2.2147
3.0773
2.1719
2.0752
2.4745
2.1789
2.5366
2.2957
2.7738
2.1561
2.0465
2.0161
2.0013
2.2045
2.2554
2.1772
2.2287
2.2440
2.7889
2.2003
2.0357
2.0216
2.2264
2.4945
2.0171
2.0806
2.3245
2.1383
2.1171
2.1480
2.1027
2.0602
2.3673
2.1942
2.6565
2.2451
2.1938
2.2356
2.2324
2.1794
2.0295
2.2379
2.2155
2.4087
2.0667
2.3569
2.2336
2.2072
2.4571
3.0334
2.0252
2.0289
2.3370
2.6155
2.0534
2.0040
2.0517
2.2291
2.2939
2.0448
2.0550
2.3042
2.2089
2.0892
2.2044
2.0481
2.0519
2.5402
2.8948
2.0735
2.1464
2.2068
3.0690
2.3493
2.9159
2.2227
2.8467
2.0767
2.0462
2.6173
2.4796
2.0107
2.6615
2.1413
2.0346
2.0077
2.0581
2.3080
2.4792
2.1664
2.1696
2.2324
2.1157
2.4839
2.0952
3.5770
2.4054
2.3548
2.0451
2.4587
2.7697
2.0672
2.1239
2.0238
2.7099
2.5395
2.2246
2.0036
2.3185
2.3254
2.6296
2.0468
2.6238
2.0864
2.0669
2.0108
2.7233
2.0463
2.8366
2.0327
2.1071
2.0252
2.8679
2.1874
2.2643
2.5063
3.1617
2.1681
2.0415
2.0855
2.4482
2.4590
2.3203
2.0179
2.0213
2.1517
2.0784
2.0785
2.4619
2.0569
2.1573
2.1355
2.8176
2.0248
2.0486
2.1473
2.0393
2.0198
2.0038
2.3442
2.1178
2.2888
2.0051
2.6030
2.0065
2.0921
2.0454
2.1601
2.2122
2.9786
2.0935
2.0609
2.0656
2.3463
2.6684
2.0197
2.5029
2.8663
2.0741
2.1998
2.0578
2.3864
2.2389
2.1914
2.0415
2.1241
2.3977
2.1789
2.5186
2.0426
2.4112
2.6440
2.0325
2.2838
2.0096
2.1989
2.5205
2.5347
2.2050
2.0641
2.3434
2.3051
2.3994
2.0475
2.3499
2.8831
2.2376
2.1107
2.2415
3.0463
2.0021
2.1847
2.1557
2.5125
2.6408
2.9015
2.0088
2.4298
2.2749
2.4047
2.3114
2.1533
2.9193
2.3019
2.1743
2.1766
2.1699
2.0119
2.2983
2.2267
2.3695
2.1470
2.4389
2.6907
3.1192
2.0251
2.3583
2.1384
2.0661
2.4035
3.5629
2.7077
2.2234
2.0980
2.1345
2.0369
2.1979
2.1310
2.3653
2.0269
2.3231
2.5063
2.0546
2.2763
2.3270
2.5059
2.1365
2.2373
2.1057
2.3201
2.8586
2.1488
2.0420
2.0497
2.3997
2.8726
2.0780
2.0574
2.5286
2.2346
2.3002
3.9118
2.0843
2.0619
2.6276
2.1233
2.0205
2.5774
2.0262
2.1087
2.0196
2.0369
2.3533
2.2090
2.0103
3.2452
2.2392
2.7567
2.1752
2.1344
2.1874
2.0082
2.0716
2.7283
2.2206
2.1027
2.0812
2.0339
2.6481
3.7360
2.4783
2.1604
2.0550
2.1633
2.1316
2.1092
2.4583
2.1267
2.2682
2.4270
2.2393
2.0133
2.1870
2.3693
2.1482
2.0127
2.0142
2.0592
2.2444
2.0803
3.2704
2.1382
2.4551
2.6428
2.1000
2.0083
2.0514
2.2035
2.2475
2.4692
2.0048
2.0724
2.2166
2.2138
2.1655
2.1340
2.7845
2.4441
2.0241
2.0979
2.1307
2.0487
2.1415
2.2159
2.0468
2.4458
2.1460