5.2465
5.0533
5.4750
6.2890
6.2052
6.8727
5.0073
5.2686
6.1007
5.0751
5.1425
5.0233
5.0165
5.0904
5.1255
5.0086
5.1706
5.2146
5.4200
5.2261
5.2380
5.2246
6.3635
5.3237
5.2856
5.1845
7.2514
5.8930
8.0302
5.1502
6.7696
5.0275
5.6493
5.9240
7.1621
5.3241
5.1817
5.7440
5.2213
5.8060
5.0388
5.1118
5.0332
5.2269
5.3452
5.3710
5.2393
7.6568
5.0208
5.1329
5.0025
6.4883
5.0531
5.1505
5.8061
5.6028
5.9005
5.6876
5.0446
5.0714
5.7578
5.5175
5.0963
5.2663
5.4184
5.6618
5.4219
5.1009
7.1065
5.6157
5.3907
5.8634
5.8900
5.1544
5.0989
6.1165
5.0614
5.0308
5.7707
5.7175
7.6787
6.4835
6.3195
5.4096
5.3597
5.5947
5.3481
5.0794
5.0194
5.8622
5.5889
5.7030
5.4590
5.0833
6.2474
5.2430
5.1131
5.1165
5.2074
5.2005
5.1817
5.8795
5.6324
5.1609
6.3207
5.0200
5.6570
5.3116
5.3770
5.1504
5.1752
5.8794
5.8418
5.5964
5.7559
6.7267
5.5071
5.6830
7.0554
5.2353
6.0462
5.4242
6.1463
5.2995
5.1243
6.0822
5.1672
5.6460
5.6538
5.2413
5.2041
5.0451
7.2870
5.1710
5.3971
5.2686
9.1835
6.2623
5.9058
6.3515
5.4460
5.6513
5.2633
5.0592
6.2783
5.2502
5.0506
5.8112
5.8269
5.5791
5.5644
5.1518
5.7796
5.6403
6.0813
5.0014
5.6010
6.5124
5.0218
5.3787
6.3766
6.8076
5.4721
5.4249
7.0581
5.3410
5.1498
5.9284
5.3546
6.0471
5.5830
6.4953
5.3097
5.0929
5.0321
5.0026
5.4050
5.5045
5.3513
5.4524
5.4824
6.5237
5.3967
5.0713
5.0431
5.4478
5.9666
5.0341
5.1605
5.6392
5.2747
5.2328
5.2938
5.2044
5.1200
5.7220
5.3847
6.2747
5.4845
5.3839
5.4660
5.4595
5.3557
5.0589
5.4703
5.4265
5.8020
5.1329
5.7020
5.4619
5.4103
5.8951
6.9774
5.0504
5.0578
5.6633
6.1972
5.1064
5.0081
5.1031
5.4532
5.5796
5.0894
5.1097
5.5997
5.4137
5.1775
5.4047
5.0960
5.1035
6.0541
6.7211
5.1465
5.2907
5.4095
7.0427
5.6871
6.7603
5.4406
6.6317
5.1527
5.0922
6.2006
5.9382
5.0214
6.2841
5.2807
5.0691
5.0153
5.1159
5.6070
5.9373
5.3301
5.3364
5.4596
5.2302
5.9464
5.1894
7.9608
5.7955
5.6979
5.0899
5.8981
6.4878
5.1339
5.2462
5.0475
6.3755
6.0527
5.4443
5.0072
5.6275
5.6409
6.2238
5.0934
6.2128
5.1721
5.1335
5.0217
6.4006
5.0923
6.6129
5.0652
5.2131
5.0504
6.6711
5.3713
5.5219
5.9892
7.2125
5.3335
5.0829
5.1703
5.8780
5.8986
5.6309
5.0357
5.0426
5.3012
5.1561
5.1564
5.9042
5.1134
5.3122
5.2693
6.5772
5.0495
5.0970
5.2924
5.0785
5.0396
5.0077
5.6774
5.2342
5.5697
5.0102
6.1734
5.0130
5.1834
5.0906
5.3178
5.4200
6.8763
5.1862
5.1215
5.1308
5.6814
6.2973
5.0395
5.9828
6.6682
5.1476
5.3957
5.1152
5.7590
5.4724
5.3792
5.0829
5.2467
5.7807
5.3547
6.0127
5.0851
5.8068
6.2511
5.0650
5.5601
5.0191
5.3940
6.0165
6.0435
5.4059
5.1278
5.6758
5.6013
5.7839
5.0948
5.6882
6.6994
5.4698
5.2201
5.4774
7.0011
5.0041
5.3661
5.3090
6.0011
6.2451
6.7335
5.0176
5.8426
5.5427
5.7942
5.6137
5.3043
6.7667
5.5951
5.3457
5.3501
5.3369
5.0237
5.5883
5.4485
5.7263
5.2918
5.8600
6.3393
7.1349
5.0502
5.7045
5.2750
5.1318
5.7919
7.9358
6.3713
5.4420
5.1951
5.2672
5.0737
5.3919
5.2603
5.7182
5.0537
5.6363
5.9893
5.1089
5.5454
5.6440
5.9885
5.2712
5.4692
5.2102
5.6305
6.6539
5.2955
5.0837
5.0992
5.7847
6.6799
5.1555
5.1145
6.0317
5.4639
5.5919
8.5515
5.1678
5.1234
6.2200
5.2451
5.0410
6.1247
5.0523
5.2162
5.0392
5.0736
5.6949
5.4138
5.0205
7.3644
5.4729
6.4634
5.3475
5.2671
5.3714
5.0163
5.1426
6.4101
5.4365
5.2044
5.1617
5.0677
6.2588
8.2428
5.9357
5.3183
5.1097
5.3240
5.2616
5.2173
5.8972
5.2519
5.5296
5.8371
5.4731
5.0266
5.3705
5.7260
5.2943
5.0255
5.0284
5.1181
5.4832
5.1600
7.4102
5.2746
5.8912
6.2488
5.1991
5.0166
5.1025
5.4031
5.4892
5.9182
5.0096
5.1442
5.4287
5.4233
5.3284
5.2663
6.5155
5.8701
5.0482
5.1948
5.2597
5.0971
5.2810
5.4273
5.0934
5.8734
5.2899